20
21
22
23
25
53
80
88
110
113
119
137
138
139
143
161
162
179
201
264
389
443
445
427
465
500
513
514
520
546
547
554
563
587
631
636
694
749
750
860
873
989
990
995
1025
1026
1027
1028
1029
1080
1194
1214
1241
1311
1337
1433
1434
1524
1525
1645
1646
1701
1723
1812
1813
1993
2000
2049
2082
2083
2100
2222
2302
2483
2484
2745
2746
2967
3050
3074
3124
3125
3128
3130
3306
3389
3689
4000
4101
4111
4125
4321
4444
4500
5000
5060
5190
5500
5631
5632
5800
5900
6000
6112
6129
6257
6667
6891
6901
7100
7777
8000
8080
8100
8200
8888
9100
9999
10000