7
9
11
13
15
17
18
19
20
21
22
23
25
27
28
29
31
33
37
38
39
41
42
43
44
45
46
47
48
49
50
51
52
53
54
55
56
58
61
62
63
64
65
66
67
68
69
70
71
72
73
76
78
79
80
81
82
83
84
85
86
88
89
90
91
92
93
94
95
96
97
98
99
101
102
104
105
106
107
108
109
110
111
113
115
117
118
119
123
126
135
137
138
139
143
151
152
153
156
158
161
162
165
169
170
177
179
180
194
199
201
209
210
213
218
220
222
225
226
227
228
229
230
231
232
233
234
235
236
237
238
239
240
249
250
251
252
253
254
259
262
264
280
300
308
311
312
318
319
320
350
351
356
366
369
370
371
376
383
384
387
388
389
399
401
427
433
434
443
444
445
464
465
475
476
477
478
479
480
481
482
483
484
485
486
487
488
489
491
497
500
502
504
510
512
513
514
515
517
518
520
521
524
525
530
532
533
540
542
543
544
546
547
548
550
554
556
560
561
563
564
585
587
591
593
601
604
623
625
631
635
636
639
641
643
646
647
648
651
653
654
655
657
660
666
674
684
688
690
691
694
695
698
700
701
702
706
711
712
749
750
751
752
753
754
760
782
783
800
802
808
829
830
831
832
833
843
847
848
853
860
861
862
873
888
897
898
902
903
953
981
987
988
989
990
991
992
993
994
995
1010
1011
1012
1013
1014
1015
1016
1017
1018
1019
1023
1024
1025
1027
1028
1029
1058
1059
1080
1085
1098
1099
1109
1112
1113
1119
1167
1194
1198
1212
1214
1220
1234
1241
1270
1293
1311
1314
1319
1337
1341
1344
1352
1360
1414
1417
1418
1419
1420
1431
1433
1434
1476
1481
1492
1494
1500
1501
1503
1512
1513
1521
1524
1527
1533
1534
1540
1541
1542
1545
1547
1550
1560
1561
1562
1563
1564
1565
1566
1567
1568
1569
1570
1571
1572
1573
1574
1575
1576
1577
1578
1579
1580
1581
1582
1583
1584
1585
1586
1587
1588
1589
1604
1626
1627
1628
1629
1645
1646
1666
1677
1688
1701
1707
1714
1715
1716
1717
1718
1719
1720
1721
1722
1723
1724
1725
1726
1727
1728
1729
1730
1731
1732
1733
1734
1735
1736
1737
1738
1739
1740
1741
1742
1743
1744
1745
1746
1747
1748
1749
1750
1751
1752
1753
1754
1755
1756
1757
1758
1759
1760
1761
1762
1763
1776
1783
1801
1812
1813
1863
1880
1883
1900
1935
1965
1967
1972
1984
1985
1998
2000
2010
2033
2049
2056
2080
2082
2083
2086
2087
2095
2096
2100
2101
2102
2103
2104
2121
2123
2142
2152
2159
2181
2195
2196
2197
2210
2211
2221
2222
2223
2224
2225
2240
2261
2262
2302
2303
2305
2351
2368
2369
2370
2372
2375
2376
2377
2379
2380
2389
2399
2401
2404
2424
2427
2447
2456
2459
2480
2483
2484
2500
2501
2535
2541
2546
2547
2593
2598
2599
2628
2638
2710
2727
2759
2775
2809
2811
2827
2944
2945
2947
2948
2967
2989
3000
3001
3004
3010
3020
3050
3052
3074
3101
3128
3225
3233
3260
3268
3269
3283
3290
3305
3306
3323
3332
3333
3344
3351
3386
3389
3396
3412
3423
3424
3435
3455
3478
3479
3480
3483
3493
3503
3516
3527
3535
3544
3551
3601
3632
3645
3655
3659
3667
3671
3689
3690
3702
3721
3724
3725
3749
3768
3784
3785
3799
3804
3825
3826
3830
3835
3856
3868
3872
3880
3900
3960
3962
3978
3979
3999
4000
4001
4018
4035
4045
4050
4069
4070
4089
4090
4093
4096
4105
4111
4116
4123
4125
4172
4190
4195
4197
4198
4200
4201
4222
4226
4242
4243
4244
4303
4307
4321
4444
4486
4488
4500
4502
4503
4504
4505
4506
4507
4508
4509
4510
4511
4512
4513
4514
4515
4516
4517
4518
4519
4520
4521
4522
4523
4524
4525
4526
4527
4528
4529
4530
4531
4532
4533
4534
4560
4567
4569
4604
4605
4610
4611
4612
4613
4614
4615
4616
4617
4618
4619
4620
4621
4622
4623
4624
4625
4626
4627
4628
4629
4630
4631
4632
4633
4634
4635
4636
4637
4638
4639
4662
4664
4672
4711
4713
4723
4724
4728
4730
4739
4747
4753
4757
4789
4791
4840
4843
4847
4848
4894
4944
4949
4950
5000
5001
5002
5003
5004
5005
5006
5007
5008
5009
5010
5011
5012
5013
5014
5015
5016
5017
5018
5019
5020
5021
5022
5023
5024
5025
5026
5027
5028
5029
5030
5031
5032
5033
5034
5035
5036
5037
5038
5039
5040
5041
5042
5043
5044
5045
5046
5047
5048
5049
5050
5051
5052
5053
5054
5055
5056
5057
5058
5059
5060
5061
5062
5063
5064
5065
5066
5067
5068
5069
5070
5071
5072
5073
5074
5075
5076
5077
5078
5079
5080
5081
5082
5083
5084
5085
5086
5087
5088
5089
5090
5091
5092
5093
5094
5095
5096
5097
5098
5099
5100
5101
5102
5103
5104
5105
5106
5107
5108
5109
5110
5111
5112
5113
5114
5115
5116
5117
5118
5119
5120
5121
5122
5123
5124
5125
5126
5127
5128
5129
5130
5131
5132
5133
5134
5135
5136
5137
5138
5139
5140
5141
5142
5143
5144
5145
5146
5147
5148
5149
5150
5151
5152
5153
5154
5155
5156
5157
5158
5159
5160
5161
5162
5163
5164
5165
5166
5167
5168
5169
5170
5171
5172
5173
5174
5175
5176
5177
5178
5179
5180
5181
5182
5183
5184
5185
5186
5187
5188
5189
5190
5191
5192
5193
5194
5195
5196
5197
5198
5199
5200
5201
5202
5203
5204
5205
5206
5207
5208
5209
5210
5211
5212
5213
5214
5215
5216
5217
5218
5219
5220
5221
5222
5223
5224
5225
5226
5227
5228
5229
5230
5231
5232
5233
5234
5235
5236
5237
5238
5239
5240
5241
5242
5243
5244
5245
5246
5247
5248
5249
5250
5251
5252
5253
5254
5255
5256
5257
5258
5259
5260
5261
5262
5263
5264
5265
5266
5267
5268
5269
5270
5271
5272
5273
5274
5275
5276
5277
5278
5279
5280
5281
5282
5283
5284
5285
5286
5287
5288
5289
5290
5291
5292
5293
5294
5295
5296
5297
5298
5299
5300
5301
5302
5303
5304
5305
5306
5307
5308
5309
5310
5311
5312
5313
5314
5315
5316
5317
5318
5319
5320
5321
5322
5323
5324
5325
5326
5327
5328
5329
5330
5331
5332
5333
5334
5335
5336
5337
5338
5339
5340
5341
5342
5343
5344
5345
5346
5347
5348
5349
5350
5351
5352
5353
5354
5355
5356
5357
5358
5359
5360
5361
5362
5363
5364
5365
5366
5367
5368
5369
5370
5371
5372
5373
5374
5375
5376
5377
5378
5379
5380
5381
5382
5383
5384
5385
5386
5387
5388
5389
5390
5391
5392
5393
5394
5395
5396
5397
5398
5399
5400
5401
5402
5403
5404
5405
5406
5407
5408
5409
5410
5411
5412
5413
5414
5415
5416
5417
5418
5419
5420
5421
5422
5423
5424
5425
5426
5427
5428
5429
5430
5431
5432
5433
5434
5435
5436
5437
5438
5439
5440
5441
5442
5443
5444
5445
5446
5447
5448
5449
5450
5451
5452
5453
5454
5455
5456
5457
5458
5459
5460
5461
5462
5463
5464
5465
5466
5467
5468
5469
5470
5471
5472
5473
5474
5475
5476
5477
5478
5479
5480
5481
5482
5483
5484
5485
5486
5487
5488
5489
5490
5491
5492
5493
5494
5495
5496
5497
5498
5499
5500
5501
5517
5550
5554
5555
5556
5568
5601
5631
5632
5656
5666
5667
5670
5671
5672
5678
5683
5684
5693
5701
5718
5719
5722
5723
5724
5741
5742
5800
5900
5905
5931
5938
5984
5985
5986
5988
6000
6001
6002
6003
6004
6005
6006
6007
6008
6009
6010
6011
6012
6013
6014
6015
6016
6017
6018
6019
6020
6021
6022
6023
6024
6025
6026
6027
6028
6029
6030
6031
6032
6033
6034
6035
6036
6037
6038
6039
6040
6041
6042
6043
6044
6045
6046
6047
6048
6049
6050
6051
6052
6053
6054
6055
6056
6057
6058
6059
6060
6061
6062
6086
6100
6101
6110
6111
6112
6113
6136
6159
6160
6161
6162
6163
6164
6165
6167
6170
6200
6201
6225
6227
6240
6244
6255
6257
6260
6262
6343
6346
6347
6350
6379
6389
6432
6436
6437
6443
6444
6445
6454
6463
6464
6465
6466
6467
6468
6469
6470
6471
6513
6514
6515
6516
6543
6556
6560
6566
6571
6600
6601
6602
6619
6622
6626
6653
6660
6661
6662
6663
6665
6666
6667
6668
6679
6690
6697
6699
6715
6771
6783
6784
6801
6881
6882
6883
6884
6885
6886
6888
6889
6891
6892
6893
6894
6895
6896
6897
6898
6899
6901
6902
6903
6904
6905
6906
6907
6908
6909
6910
6911
6912
6913
6914
6915
6916
6917
6918
6919
6920
6921
6922
6923
6924
6925
6926
6927
6928
6929
6930
6931
6932
6933
6934
6935
6936
6937
6938
6939
6940
6941
6942
6943
6944
6945
6946
6947
6948
6949
6950
6951
6952
6953
6954
6955
6956
6957
6958
6959
6960
6961
6962
6963
6964
6965
6966
6967
6969
6970
6971
6972
6973
6974
6975
6976
6977
6978
6979
6980
6981
6982
6983
6984
6985
6986
6987
6988
6989
6990
6991
6992
6993
6994
6995
6996
6997
6998
7000
7001
7002
7005
7006
7010
7022
7023
7025
7047
7070
7071
7072
7073
7074
7075
7076
7077
7078
7079
7080
7081
7082
7083
7084
7085
7086
7087
7088
7089
7090
7091
7092
7093
7094
7095
7096
7097
7098
7099
7133
7144
7145
7171
7262
7272
7306
7307
7312
7396
7400
7401
7402
7471
7473
7474
7478
7542
7547
7575
7624
7631
7634
7652
7653
7655
7656
7657
7658
7659
7670
7680
7687
7707
7717
7777
7778
7779
7780
7781
7782
7783
7784
7785
7786
7787
7831
7880
7890
7915
7935
7946
7979
7990
8000
8001
8002
8003
8004
8005
8006
8007
8008
8009
8010
8042
8061
8069
8070
8074
8075
8080
8081
8082
8083
8084
8085
8086
8087
8088
8089
8090
8091
8092
8096
8111
8112
8116
8118
8123
8124
8125
8139
8140
8172
8184
8194
8200
8222
8236
8243
8245
8280
8281
8291
8303
8322
8332
8333
8334
8337
8384
8388
8400
8401
8403
8443
8444
8448
8484
8500
8530
8531
8555
8580
8611
8612
8613
8629
8642
8691
8765
8767
8834
8840
8880
8881
8882
8883
8884
8885
8886
8887
8888
8889
8890
8891
8892
8893
8894
8895
8896
8897
8898
8899
8920
8983
8997
8998
8999
9000
9001
9002
9003
9006
9030
9042
9043
9050
9060
9080
9081
9090
9091
9092
9100
9101
9102
9103
9119
9150
9191
9199
9200
9217
9293
9295
9296
9300
9303
9306
9309
9312
9332
9333
9339
9389
9392
9418
9419
9420
9421
9422
9425
9443
9535
9536
9600
9669
9675
9676
9695
9735
9785
9800
9875
9897
9898
9899
9901
9981
9982
9987
9993
9997
9999
10000
10001
10009
10011
10022
10024
10025
10042
10050
10051
10110
10172
10200
10201
10202
10203
10212
10308
10346
10468
10480
10505
10514
10578
10800
10823
10836
10891
10933
11001
11100
11111
11112
11211
11214
11215
11235
11311
11371
11753
12000
12012
12013
12035
12043
12046
12121
12201
12222
12223
12307
12308
12345
12443
12489
12975
13000
13001
13002
13003
13004
13005
13006
13007
13008
13009
13010
13011
13012
13013
13014
13015
13016
13017
13018
13019
13020
13021
13022
13023
13024
13025
13026
13027
13028
13029
13030
13031
13032
13033
13034
13035
13036
13037
13038
13039
13040
13041
13042
13043
13044
13045
13046
13047
13048
13049
13075
13400
13698
13720
13721
13724
13782
13783
13785
13786
14550
14567
14652
14800
15000
15009
15010
15345
15441
15567
15672
16000
16080
16200
16225
16250
16261
16300
16384
16385
16386
16387
16388
16389
16390
16391
16392
16393
16394
16395
16396
16397
16398
16399
16400
16401
16402
16403
16404
16405
16406
16407
16408
16409
16410
16411
16412
16413
16414
16415
16416
16417
16418
16419
16420
16421
16422
16423
16424
16425
16426
16427
16428
16429
16430
16431
16432
16433
16434
16435
16436
16437
16438
16439
16440
16441
16442
16443
16444
16445
16446
16447
16448
16449
16450
16451
16452
16453
16454
16455
16456
16457
16458
16459
16460
16461
16462
16463
16464
16465
16466
16467
16468
16469
16470
16471
16567
16666
16677
17000
17011
17224
17225
17333
17472
17474
17475
17500
17777
18080
18081
18091
18092
18104
18200
18201
18206
18300
18301
18306
18333
18400
18401
18505
18506
18605
18606
18676
19000
19001
19132
19133
19150
19226
19294
19295
19302
19531
19532
19788
19812
19813
19814
19999
20000
20560
20582
20583
20595
20808
21025
21064
21212
22000
22136
22222
22347
22350
22351
23073
23399
23513
24441
24444
24465
24554
24800
24842
25025
25565
25575
25587
25600
25601
25602
25603
25604
25605
25606
25607
25608
25609
25610
25611
25612
25613
25614
25615
25616
25617
25618
25619
25620
25621
25622
25623
25624
25625
25626
25627
25628
25629
25630
25631
25632
25633
25634
25635
25636
25637
25638
25639
25640
25641
25642
25643
25644
25645
25646
25647
25648
25649
25650
25651
25652
25653
25654
25655
25656
25657
25658
25659
25660
25661
25662
25663
25664
25665
25666
25667
25668
25669
25670
25671
25672
25673
25674
25675
25676
25677
25678
25679
25680
25681
25682
25683
25684
25685
25686
25687
25688
25689
25690
25691
25692
25693
25694
25695
25696
25697
25698
25699
25734
25826
26000
26822
26900
26909
26910
27000
27001
27002
27003
27004
27005
27006
27007
27008
27009
27010
27011
27012
27013
27014
27015
27016
27017
27018
27019
27020
27021
27022
27023
27024
27025
28000
28001
28015
28016
28200
28260
28443
28769
28770
28785
28852
28910
28960
29000
29070
29900
29920
40000
41000
42000
42001
42002
42003
42004
42005
42006
42007
42008
42021
42022
42043
42044
42080
42081
42082
42083
42084
42085
42086
42087
42088
42089
42100
42101
42102
42103
42104
42105
42106
42107
42108
42121
42122
42143
42144
42180
42181
42182
42183
42184
42185
42186
42187
42188
42189
42200
42201
42202
42203
42204
42205
42206
42207
42208
42221
42222
42243
42244
42280
42281
42282
42283
42284
42285
42286
42287
42288
42289
42300
42301
42302
42303
42304
42305
42306
42307
42308
42321
42322
42343
42344
42380
42381
42382
42383
42384
42385
42386
42387
42388
42389
42400
42401
42402
42403
42404
42405
42406
42407
42408
42421
42422
42443
42444
42480
42481
42482
42483
42484
42485
42486
42487
42488
42489
42500
42501
42502
42503
42504
42505
42506
42507
42508
42521
42522
42543
42544
42580
42581
42582
42583
42584
42585
42586
42587
42588
42589
42590
42591
42592
42593
42594
42600
42601
42602
42603
42604
42605
42606
42607
42608
42621
42622
42643
42644
42680
42681
42682
42683
42684
42685
42686
42687
42688
42689
42700
42701
42702
42703
42704
42705
42706
42707
42708
42721
42722
42743
42744
42780
42781
42782
42783
42784
42785
42786
42787
42788
42789
42800
42801
42802
42803
42804
42805
42806
42807
42808
42821
42822
42843
42844
42880
42881
42882
42883
42884
42885
42886
42887
42888
42889
42900
42901
42902
42903
42904
42905
42906
42907
42908
42921
42922
42943
42944
42980
42981
42982
42983
42984
42985
42986
42987
42988
42989
42999
43000
43001
43002
43003
43004
43005
43006
43007
43008
43021
43022
43043
43044
43080
43081
43082
43083
43084
43085
43086
43087
43088
43089
43100
43101
43102
43103
43104
43105
43106
43107
43108
43110
43121
43122
43143
43144
43180
43181
43182
43183
43184
43185
43186
43187
43188
43189
43200
43201
43202
43203
43204
43205
43206
43207
43208
43221
43222
43243
43244
43280
43281
43282
43283
43284
43285
43286
43287
43288
43289
43300
43301
43302
43303
43304
43305
43306
43307
43308
43321
43322
43343
43344
43380
43381
43382
43383
43384
43385
43386
43387
43388
43389
43400
43401
43402
43403
43404
43405
43406
43407
43408
43421
43422
43443
43444
43480
43481
43482
43483
43484
43485
43486
43487
43488
43489
43500
43501
43502
43503
43504
43505
43506
43507
43508
43521
43522
43543
43544
43580
43581
43582
43583
43584
43585
43586
43587
43588
43589
43594
43600
43601
43602
43603
43604
43605
43606
43607
43608
43621
43622
43643
43644
43680
43681
43682
43683
43684
43685
43686
43687
43688
43689
43700
43701
43702
43703
43704
43705
43706
43707
43708
43721
43722
43743
43744
43780
43781
43782
43783
43784
43785
43786
43787
43788
43789
43800
43801
43802
43803
43804
43805
43806
43807
43808
43821
43822
43843
43844
43880
43881
43882
43883
43884
43885
43886
43887
43888
43889
43900
43901
43902
43903
43904
43905
43906
43907
43908
43921
43922
43943
43944
43980
43981
43982
43983
43984
43985
43986
43987
43988
43989
44000
44001
44002
44003
44004
44005
44006
44007
44008
44021
44022
44043
44044
44080
44081
44082
44083
44084
44085
44086
44087
44088
44089
44100
44101
44102
44103
44104
44105
44106
44107
44108
44121
44122
44123
44143
44144
44180
44181
44182
44183
44184
44185
44186
44187
44188
44189
44200
44201
44202
44203
44204
44205
44206
44207
44208
44221
44222
44243
44244
44280
44281
44282
44283
44284
44285
44286
44287
44288
44289
44300
44301
44302
44303
44304
44305
44306
44307
44308
44321
44322
44343
44344
44380
44381
44382
44383
44384
44385
44386
44387
44388
44389
44400
44401
44402
44403
44404
44405
44406
44407
44408
44421
44422
44443
44444
44480
44481
44482
44483
44484
44485
44486
44487
44488
44489
44500
44501
44502
44503
44504
44505
44506
44507
44508
44521
44522
44543
44544
44580
44581
44582
44583
44584
44585
44586
44587
44588
44589
44600
44601
44602
44603
44604
44605
44606
44607
44608
44621
44622
44643
44644
44680
44681
44682
44683
44684
44685
44686
44687
44688
44689
44700
44701
44702
44703
44704
44705
44706
44707
44708
44721
44722
44743
44744
44780
44781
44782
44783
44784
44785
44786
44787
44788
44789
44800
44801
44802
44803
44804
44805
44806
44807
44808
44818
44821
44822
44843
44844
44880
44881
44882
44883
44884
44885
44886
44887
44888
44889
44900
44901
44902
44903
44904
44905
44906
44907
44908
44921
44922
44943
44944
44980
44981
44982
44983
44984
44985
44986
44987
44988
44989
45000
45001
45002
45003
45004
45005
45006
45007
45008
45021
45022
45043
45044
45080
45081
45082
45083
45084
45085
45086
45087
45088
45089
45100
45101
45102
45103
45104
45105
45106
45107
45108
45121
45122
45143
45144
45180
45181
45182
45183
45184
45185
45186
45187
45188
45189
45200
45201
45202
45203
45204
45205
45206
45207
45208
45221
45222
45243
45244
45280
45281
45282
45283
45284
45285
45286
45287
45288
45289
45300
45301
45302
45303
45304
45305
45306
45307
45308
45321
45322
45343
45344
45380
45381
45382
45383
45384
45385
45386
45387
45388
45389
45400
45401
45402
45403
45404
45405
45406
45407
45408
45421
45422
45443
45444
45480
45481
45482
45483
45484
45485
45486
45487
45488
45489
45500
45501
45502
45503
45504
45505
45506
45507
45508
45521
45522
45543
45544
45580
45581
45582
45583
45584
45585
45586
45587
45588
45589
45600
45601
45602
45603
45604
45605
45606
45607
45608
45621
45622
45643
45644
45680
45681
45682
45683
45684
45685
45686
45687
45688
45689
45700
45701
45702
45703
45704
45705
45706
45707
45708
45721
45722
45743
45744
45780
45781
45782
45783
45784
45785
45786
45787
45788
45789
45800
45801
45802
45803
45804
45805
45806
45807
45808
45821
45822
45843
45844
45880
45881
45882
45883
45884
45885
45886
45887
45888
45889
45900
45901
45902
45903
45904
45905
45906
45907
45908
45921
45922
45943
45944
45980
45981
45982
45983
45984
45985
45986
45987
45988
45989
46000
46021
46022
47000
48000
48001
48002
48003
48004
48005
48006
48007
48008
48021
48022
48043
48044
48080
48081
48082
48083
48084
48085
48086
48087
48088
48089
48100
48101
48102
48103
48104
48105
48106
48107
48108
48121
48122
48143
48144
48180
48181
48182
48183
48184
48185
48186
48187
48188
48189
48200
48201
48202
48203
48204
48205
48206
48207
48208
48221
48222
48243
48244
48280
48281
48282
48283
48284
48285
48286
48287
48288
48289
48300
48301
48302
48303
48304
48305
48306
48307
48308
48321
48322
48343
48344
48380
48381
48382
48383
48384
48385
48386
48387
48388
48389
48400
48401
48402
48403
48404
48405
48406
48407
48408
48421
48422
48443
48444
48480
48481
48482
48483
48484
48485
48486
48487
48488
48489
48500
48501
48502
48503
48504
48505
48506
48507
48508
48521
48522
48543
48544
48556
48580
48581
48582
48583
48584
48585
48586
48587
48588
48589
48600
48601
48602
48603
48604
48605
48606
48607
48608
48621
48622
48643
48644
48656
48657
48680
48681
48682
48683
48684
48685
48686
48687
48688
48689
48700
48701
48702
48703
48704
48705
48706
48707
48708
48721
48722
48743
48744
48780
48781
48782
48783
48784
48785
48786
48787
48788
48789
48800
48801
48802
48803
48804
48805
48806
48807
48808
48821
48822
48843
48844
48880
48881
48882
48883
48884
48885
48886
48887
48888
48889
48900
48901
48902
48903
48904
48905
48906
48907
48908
48921
48922
48943
48944
48980
48981
48982
48983
48984
48985
48986
48987
48988
48989
49000
49001
49002
49003
49004
49005
49006
49007
49008
49021
49022
49080
49081
49100
51800
51820
54321
54322
54323
54325
55555
60000
60001
13389
23389
33389
53389
63389
15432
25432
35432
45432
55432
65432
13306
23306
33306
53306
63306
33006
12340
12341
12342
12344
12346
8989
13292