1
2
3
5
7
9
11
13
15
17
18
19
20
21
22
23
25
27
28
29
31
33
37
38
39
41
42
43
44
45
46
47
48
49
50
51
52
53
54
55
56
58
61
62
63
64
65
66
67
68
69
70
71
72
73
76
78
79
80
81
82
83
84
85
86
88
89
90
91
92
93
94
95
96
97
98
99
101
102
104
105
106
107
108
109
110
111
113
115
117
118
119
123
126
135
137
138
139
143
151
152
153
156
158
161
162
165
169
170
177
179
180
194
199
201
209
210
213
218
220
222
225
226
227
228
229
230
231
232
233
234
235
236
237
238
239
240
249
250
251
252
253
254
259
262
264
280
300
308
311
312
318
319
320
350
351
356
366
369
370
371
376
383
384
387
388
389
399
401
427
433
434
443
444
445
464
465
475
476
477
478
479
480
481
482
483
484
485
486
487
488
489
491
497
500
502
504
510
512
513
514
515
517
518
520
521
524
525
530
532
533
540
542
543
544
546
547
548
550
554
556
560
561
563
564
585
587
591
593
601
604
623
625
631
635
636
639
641
643
646
647
648
651
653
654
655
657
660
666
674
684
688
690
691
694
695
698
700
701
702
706
711
712
749
750
751
752
753
754
760
782
783
800
802
808
829
830
831
832
833
843
847
848
853
860
861
862
873
888
897
898
902
903
953
981
987
988
989
990
991
992
993
994
995
1010
1011
1012
1013
1014
1015
1016
1017
1018
1019
1023
1024
1025
1027
1028
1029
1058
1059
1080
1085
1098
1099
1109
1112
1113
1119
1167
1194
1198
1212
1214
1220
1234
1241
1270
1293
1311
1314
1319
1337
1341
1344
1352
1360
1414
1417
1418
1419
1420
1431
1433
1434
1476
1481
1492
1494
1500
1501
1503
1512
1513
1521
1524
1527
1533
1534
1540
1541
1542
1545
1547
1550
1560
1561
1562
1563
1564
1565
1566
1567
1568
1569
1570
1571
1572
1573
1574
1575
1576
1577
1578
1579
1580
1581
1582
1583
1584
1585
1586
1587
1588
1589
1604
1626
1627
1628
1629
1645
1646
1666
1677
1688
1701
1707
1714
1715
1716
1717
1718
1719
1720
1721
1722
1723
1724
1725
1726
1727
1728
1729
1730
1731
1732
1733
1734
1735
1736
1737
1738
1739
1740
1741
1742
1743
1744
1745
1746
1747
1748
1749
1750
1751
1752
1753
1754
1755
1756
1757
1758
1759
1760
1761
1762
1763
1776
1783
1801
1812
1813
1863
1880
1883
1900
1935
1965
1967
1972
1984
1985
1998
2000
2010
2033
2049
2056
2080
2082
2083
2086
2087
2095
2096
2100
2101
2102
2103
2104
2121
2123
2142
2152
2159
2181
2195
2196
2197
2210
2211
2221
2222
2223
2224
2225
2240
2261
2262
2302
2303
2305
2351
2368
2369
2370
2372
2375
2376
2377
2379
2380
2389
2399
2401
2404
2424
2427
2447
2456
2459
2480
2483
2484
2500
2501
2535
2541
2546
2547
2593
2598
2599
2628
2638
2710
2727
2759
2775
2809
2811
2827
2944
2945
2947
2948
2967
2989
3000
3001
3004
3010
3020
3050
3052
3074
3101
3128
3225
3233
3260
3268
3269
3283
3290
3305
3306
3323
3332
3333
3344
3351
3386
3389
3396
3412
3423
3424
3435
3455
3478
3479
3480
3483
3493
3503
3516
3527
3535
3544
3551
3601
3632
3645
3655
3659
3667
3671
3689
3690
3702
3721
3724
3725
3749
3768
3784
3785
3799
3804
3825
3826
3830
3835
3856
3868
3872
3880
3900
3960
3962
3978
3979
3999
4000
4001
4018
4035
4045
4050
4069
4070
4089
4090
4093
4096
4105
4111
4116
4123
4125
4172
4190
4195
4197
4198
4200
4201
4222
4226
4242
4243
4244
4303
4307
4321
4444
4486
4488
4500
4502
4503
4504
4505
4506
4507
4508
4509
4510
4511
4512
4513
4514
4515
4516
4517
4518
4519
4520
4521
4522
4523
4524
4525
4526
4527
4528
4529
4530
4531
4532
4533
4534
4560
4567
4569
4604
4605
4610
4611
4612
4613
4614
4615
4616
4617
4618
4619
4620
4621
4622
4623
4624
4625
4626
4627
4628
4629
4630
4631
4632
4633
4634
4635
4636
4637
4638
4639
4662
4664
4672
4711
4713
4723
4724
4728
4730
4739
4747
4753
4757
4789
4791
4840
4843
4847
4848
4894
4944
4949
4950
5000
5001
5002
5003
5004
5005
5006
5007
5008
5009
5010
5011
5012
5013
5014
5015
5016
5017
5018
5019
5020
5021
5022
5023
5024
5025
5026
5027
5028
5029
5030
5031
5032
5033
5034
5035
5036
5037
5038
5039
5040
5041
5042
5043
5044
5045
5046
5047
5048
5049
5050
5051
5052
5053
5054
5055
5056
5057
5058
5059
5060
5061
5062
5063
5064
5065
5066
5067
5068
5069
5070
5071
5072
5073
5074
5075
5076
5077
5078
5079
5080
5081
5082
5083
5084
5085
5086
5087
5088
5089
5090
5091
5092
5093
5094
5095
5096
5097
5098
5099
5100
5101
5102
5103
5104
5105
5106
5107
5108
5109
5110
5111
5112
5113
5114
5115
5116
5117
5118
5119
5120
5121
5122
5123
5124
5125
5126
5127
5128
5129
5130
5131
5132
5133
5134
5135
5136
5137
5138
5139
5140
5141
5142
5143
5144
5145
5146
5147
5148
5149
5150
5151
5152
5153
5154
5155
5156
5157
5158
5159
5160
5161
5162
5163
5164
5165
5166
5167
5168
5169
5170
5171
5172
5173
5174
5175
5176
5177
5178
5179
5180
5181
5182
5183
5184
5185
5186
5187
5188
5189
5190
5191
5192
5193
5194
5195
5196
5197
5198
5199
5200
5201
5202
5203
5204
5205
5206
5207
5208
5209
5210
5211
5212
5213
5214
5215
5216
5217
5218
5219
5220
5221
5222
5223
5224
5225
5226
5227
5228
5229
5230
5231
5232
5233
5234
5235
5236
5237
5238
5239
5240
5241
5242
5243
5244
5245
5246
5247
5248
5249
5250
5251
5252
5253
5254
5255
5256
5257
5258
5259
5260
5261
5262
5263
5264
5265
5266
5267
5268
5269
5270
5271
5272
5273
5274
5275
5276
5277
5278
5279
5280
5281
5282
5283
5284
5285
5286
5287
5288
5289
5290
5291
5292
5293
5294
5295
5296
5297
5298
5299
5300
5301
5302
5303
5304
5305
5306
5307
5308
5309
5310
5311
5312
5313
5314
5315
5316
5317
5318
5319
5320
5321
5322
5323
5324
5325
5326
5327
5328
5329
5330
5331
5332
5333
5334
5335
5336
5337
5338
5339
5340
5341
5342
5343
5344
5345
5346
5347
5348
5349
5350
5351
5352
5353
5354
5355
5356
5357
5358
5359
5360
5361
5362
5363
5364
5365
5366
5367
5368
5369
5370
5371
5372
5373
5374
5375
5376
5377
5378
5379
5380
5381
5382
5383
5384
5385
5386
5387
5388
5389
5390
5391
5392
5393
5394
5395
5396
5397
5398
5399
5400
5401
5402
5403
5404
5405
5406
5407
5408
5409
5410
5411
5412
5413
5414
5415
5416
5417
5418
5419
5420
5421
5422
5423
5424
5425
5426
5427
5428
5429
5430
5431
5432
5433
5434
5435
5436
5437
5438
5439
5440
5441
5442
5443
5444
5445
5446
5447
5448
5449
5450
5451
5452
5453
5454
5455
5456
5457
5458
5459
5460
5461
5462
5463
5464
5465
5466
5467
5468
5469
5470
5471
5472
5473
5474
5475
5476
5477
5478
5479
5480
5481
5482
5483
5484
5485
5486
5487
5488
5489
5490
5491
5492
5493
5494
5495
5496
5497
5498
5499
5500
5501
5517
5550
5554
5555
5556
5568
5601
5631
5632
5656
5666
5667
5670
5671
5672
5678
5683
5684
5693
5701
5718
5719
5722
5723
5724
5741
5742
5800
5900
5905
5931
5938
5984
5985
5986
5988
6000
6001
6002
6003
6004
6005
6006
6007
6008
6009
6010
6011
6012
6013
6014
6015
6016
6017
6018
6019
6020
6021
6022
6023
6024
6025
6026
6027
6028
6029
6030
6031
6032
6033
6034
6035
6036
6037
6038
6039
6040
6041
6042
6043
6044
6045
6046
6047
6048
6049
6050
6051
6052
6053
6054
6055
6056
6057
6058
6059
6060
6061
6062
6086
6100
6101
6110
6111
6112
6113
6136
6159
6160
6161
6162
6163
6164
6165
6167
6170
6200
6201
6225
6227
6240
6244
6255
6257
6260
6262
6343
6346
6347
6350
6379
6389
6432
6436
6437
6443
6444
6445
6454
6463
6464
6465
6466
6467
6468
6469
6470
6471
6513
6514
6515
6516
6543
6556
6560
6566
6571
6600
6601
6602
6619
6622
6626
6653
6660
6661
6662
6663
6665
6666
6667
6668
6679
6690
6697
6699
6715
6771
6783
6784
6801
6881
6882
6883
6884
6885
6886
6888
6889
6891
6892
6893
6894
6895
6896
6897
6898
6899
6901
6902
6903
6904
6905
6906
6907
6908
6909
6910
6911
6912
6913
6914
6915
6916
6917
6918
6919
6920
6921
6922
6923
6924
6925
6926
6927
6928
6929
6930
6931
6932
6933
6934
6935
6936
6937
6938
6939
6940
6941
6942
6943
6944
6945
6946
6947
6948
6949
6950
6951
6952
6953
6954
6955
6956
6957
6958
6959
6960
6961
6962
6963
6964
6965
6966
6967
6969
6970
6971
6972
6973
6974
6975
6976
6977
6978
6979
6980
6981
6982
6983
6984
6985
6986
6987
6988
6989
6990
6991
6992
6993
6994
6995
6996
6997
6998
7000
7001
7002
7005
7006
7010
7022
7023
7025
7047
7070
7071
7072
7073
7074
7075
7076
7077
7078
7079
7080
7081
7082
7083
7084
7085
7086
7087
7088
7089
7090
7091
7092
7093
7094
7095
7096
7097
7098
7099
7133
7144
7145
7171
7262
7272
7306
7307
7312
7396
7400
7401
7402
7471
7473
7474
7478
7542
7547
7575
7624
7631
7634
7652
7653
7655
7656
7657
7658
7659
7670
7680
7687
7707
7717
7777
7778
7779
7780
7781
7782
7783
7784
7785
7786
7787
7831
7880
7890
7915
7935
7946
7979
7990
8000
8005
8006
8007
8008
8009
8010
8042
8061
8069
8070
8074
8075
8080
8081
8088
8089
8090
8091
8092
8096
8111
8112
8116
8118
8123
8124
8125
8139
8140
8172
8184
8194
8200
8222
8236
8243
8245
8280
8281
8291
8303
8322
8332
8333
8334
8337
8384
8388
8400
8401
8403
8443
8444
8448
8484
8500
8530
8531
8555
8580
8611
8612
8613
8629
8642
8691
8765
8767
8834
8840
8880
8881
8882
8883
8884
8885
8886
8887
8888
8889
8890
8891
8892
8893
8894
8895
8896
8897
8898
8899
8920
8983
8997
8998
8999
9000
9001
9002
9003
9006
9030
9042
9043
9050
9060
9080
9081
9090
9091
9092
9100
9101
9102
9103
9119
9150
9191
9199
9200
9217
9293
9295
9296
9300
9303
9306
9309
9312
9332
9333
9339
9389
9392
9418
9419
9420
9421
9422
9425
9443
9535
9536
9600
9669
9675
9676
9695
9735
9785
9800
9875
9897
9898
9899
9901
9981
9982
9987
9993
9997
9999
10000
10001
10009
10011
10022
10024
10025
10042
10050
10051
10110
10172
10200
10201
10202
10203
10212
10308
10346
10468
10480
10505
10514
10578
10800
10823
10836
10891
10933
11001
11100
11111
11112
11211
11214
11215
11235
11311
11371
11753
12000
12012
12013
12035
12043
12046
12121
12201
12222
12223
12307
12308
12345
12443
12489
12975
13000
13001
13002
13003
13004
13005
13006
13007
13008
13009
13010
13011
13012
13013
13014
13015
13016
13017
13018
13019
13020
13021
13022
13023
13024
13025
13026
13027
13028
13029
13030
13031
13032
13033
13034
13035
13036
13037
13038
13039
13040
13041
13042
13043
13044
13045
13046
13047
13048
13049
13075
13400
13698
13720
13721
13724
13782
13783
13785
13786
14550
14567
14652
14800
15000
15009
15010
15345
15441
15567
15672
16000
16080
16200
16225
16250
16261
16300
16384
16385
16386
16387
16388
16389
16390
16391
16392
16393
16394
16395
16396
16397
16398
16399
16400
16401
16402
16403
16404
16405
16406
16407
16408
16409
16410
16411
16412
16413
16414
16415
16416
16417
16418
16419
16420
16421
16422
16423
16424
16425
16426
16427
16428
16429
16430
16431
16432
16433
16434
16435
16436
16437
16438
16439
16440
16441
16442
16443
16444
16445
16446
16447
16448
16449
16450
16451
16452
16453
16454
16455
16456
16457
16458
16459
16460
16461
16462
16463
16464
16465
16466
16467
16468
16469
16470
16471
16567
16666
16677
17000
17011
17224
17225
17333
17472
17474
17475
17500
17777
18080
18081
18091
18092
18104
18200
18201
18206
18300
18301
18306
18333
18400
18401
18505
18506
18605
18606
18676
19000
19001
19132
19133
19150
19226
19294
19295
19302
19531
19532
19788
19812
19813
19814
19999
20000
20560
20582
20583
20595
20808
21025
21064
21212
22000
22136
22222
22347
22350
22351
23073
23399
23513
24441
24444
24465
24554
24800
24842
25025
25565
25575
25587
25600
25601
25602
25603
25604
25605
25606
25607
25608
25609
25610
25611
25612
25613
25614
25615
25616
25617
25618
25619
25620
25621
25622
25623
25624
25625
25626
25627
25628
25629
25630
25631
25632
25633
25634
25635
25636
25637
25638
25639
25640
25641
25642
25643
25644
25645
25646
25647
25648
25649
25650
25651
25652
25653
25654
25655
25656
25657
25658
25659
25660
25661
25662
25663
25664
25665
25666
25667
25668
25669
25670
25671
25672
25673
25674
25675
25676
25677
25678
25679
25680
25681
25682
25683
25684
25685
25686
25687
25688
25689
25690
25691
25692
25693
25694
25695
25696
25697
25698
25699
25734
25826
26000
26822
26900
26909
26910
27000
27001
27002
27003
27004
27005
27006
27007
27008
27009
27010
27011
27012
27013
27014
27015
27016
27017
27018
27019
27020
27021
27022
27023
27024
27025
27026
27027
27028
27029
27031
27032
27033
27034
27036
27374
27500
27501
27502
27503
27504
27505
27506
27507
27508
27509
27510
27511
27512
27513
27514
27515
27516
27517
27518
27519
27520
27521
27522
27523
27524
27525
27526
27527
27528
27529
27530
27531
27532
27533
27534
27535
27536
27537
27538
27539
27540
27541
27542
27543
27544
27545
27546
27547
27548
27549
27550
27551
27552
27553
27554
27555
27556
27557
27558
27559
27560
27561
27562
27563
27564
27565
27566
27567
27568
27569
27570
27571
27572
27573
27574
27575
27576
27577
27578
27579
27580
27581
27582
27583
27584
27585
27586
27587
27588
27589
27590
27591
27592
27593
27594
27595
27596
27597
27598
27599
27600
27601
27602
27603
27604
27605
27606
27607
27608
27609
27610
27611
27612
27613
27614
27615
27616
27617
27618
27619
27620
27621
27622
27623
27624
27625
27626
27627
27628
27629
27630
27631
27632
27633
27634
27635
27636
27637
27638
27639
27640
27641
27642
27643
27644
27645
27646
27647
27648
27649
27650
27651
27652
27653
27654
27655
27656
27657
27658
27659
27660
27661
27662
27663
27664
27665
27666
27667
27668
27669
27670
27671
27672
27673
27674
27675
27676
27677
27678
27679
27680
27681
27682
27683
27684
27685
27686
27687
27688
27689
27690
27691
27692
27693
27694
27695
27696
27697
27698
27699
27700
27701
27702
27703
27704
27705
27706
27707
27708
27709
27710
27711
27712
27713
27714
27715
27716
27717
27718
27719
27720
27721
27722
27723
27724
27725
27726
27727
27728
27729
27730
27731
27732
27733
27734
27735
27736
27737
27738
27739
27740
27741
27742
27743
27744
27745
27746
27747
27748
27749
27750
27751
27752
27753
27754
27755
27756
27757
27758
27759
27760
27761
27762
27763
27764
27765
27766
27767
27768
27769
27770
27771
27772
27773
27774
27775
27776
27777
27778
27779
27780
27781
27782
27783
27784
27785
27786
27787
27788
27789
27790
27791
27792
27793
27794
27795
27796
27797
27798
27799
27800
27801
27802
27803
27804
27805
27806
27807
27808
27809
27810
27811
27812
27813
27814
27815
27816
27817
27818
27819
27820
27821
27822
27823
27824
27825
27826
27827
27828
27829
27830
27831
27832
27833
27834
27835
27836
27837
27838
27839
27840
27841
27842
27843
27844
27845
27846
27847
27848
27849
27850
27851
27852
27853
27854
27855
27856
27857
27858
27859
27860
27861
27862
27863
27864
27865
27866
27867
27868
27869
27870
27871
27872
27873
27874
27875
27876
27877
27878
27879
27880
27881
27882
27883
27884
27885
27886
27887
27888
27889
27890
27891
27892
27893
27894
27895
27896
27897
27898
27899
27901
27902
27903
27904
27905
27906
27907
27908
27909
27950
27960
27961
27962
27963
27964
27965
27966
27967
27968
28000
28001
28015
28016
28200
28260
28443
28769
28770
28785
28852
28910
28960
29000
29070
29900
29920
30000
30003
30004
30033
30120
30564
31000
31001
31002
31003
31004
31005
31006
31007
31008
31021
31022
31043
31044
31080
31081
31082
31083
31084
31085
31086
31087
31088
31089
31100
31101
31102
31103
31104
31105
31106
31107
31108
31121
31122
31143
31144
31180
31181
31182
31183
31184
31185
31186
31187
31188
31189
31200
31201
31202
31203
31204
31205
31206
31207
31208
31221
31222
31243
31244
31280
31281
31282
31283
31284
31285
31286
31287
31288
31289
31300
31301
31302
31303
31304
31305
31306
31307
31308
31321
31322
31337
31343
31344
31380
31381
31382
31383
31384
31385
31386
31387
31388
31389
31400
31401
31402
31403
31404
31405
31406
31407
31408
31416
31421
31422
31438
31443
31444
31457
31480
31481
31482
31483
31484
31485
31486
31487
31488
31489
31500
31501
31502
31503
31504
31505
31506
31507
31508
31521
31522
31543
31544
31580
31581
31582
31583
31584
31585
31586
31587
31588
31589
31600
31601
31602
31603
31604
31605
31606
31607
31608
31621
31622
31643
31644
31680
31681
31682
31683
31684
31685
31686
31687
31688
31689
31700
31701
31702
31703
31704
31705
31706
31707
31708
31721
31722
31743
31744
31780
31781
31782
31783
31784
31785
31786
31787
31788
31789
31800
31801
31802
31803
31804
31805
31806
31807
31808
31821
31822
31843
31844
31880
31881
31882
31883
31884
31885
31886
31887
31888
31889
31900
31901
31902
31903
31904
31905
31906
31907
31908
31921
31922
31943
31944
31980
31981
31982
31983
31984
31985
31986
31987
31988
31989
32000
32001
32002
32003
32004
32005
32006
32007
32008
32021
32022
32043
32044
32080
32081
32082
32083
32084
32085
32086
32087
32088
32089
32100
32101
32102
32103
32104
32105
32106
32107
32108
32121
32122
32137
32143
32144
32180
32181
32182
32183
32184
32185
32186
32187
32188
32189
32200
32201
32202
32203
32204
32205
32206
32207
32208
32221
32222
32243
32244
32280
32281
32282
32283
32284
32285
32286
32287
32288
32289
32300
32301
32302
32303
32304
32305
32306
32307
32308
32321
32322
32343
32344
32380
32381
32382
32383
32384
32385
32386
32387
32388
32389
32400
32401
32402
32403
32404
32405
32406
32407
32408
32421
32422
32443
32444
32480
32481
32482
32483
32484
32485
32486
32487
32488
32489
32500
32501
32502
32503
32504
32505
32506
32507
32508
32521
32522
32543
32544
32580
32581
32582
32583
32584
32585
32586
32587
32588
32589
32600
32601
32602
32603
32604
32605
32606
32607
32608
32621
32622
32643
32644
32680
32681
32682
32683
32684
32685
32686
32687
32688
32689
32700
32701
32702
32703
32704
32705
32706
32707
32708
32721
32722
32743
32744
32764
32780
32781
32782
32783
32784
32785
32786
32787
32788
32789
32800
32801
32802
32803
32804
32805
32806
32807
32808
32821
32822
32843
32844
32880
32881
32882
32883
32884
32885
32886
32887
32888
32889
32900
32901
32902
32903
32904
32905
32906
32907
32908
32921
32922
32943
32944
32976
32980
32981
32982
32983
32984
32985
32986
32987
32988
32989
33000
33001
33002
33003
33004
33005
33006
33007
33008
33021
33022
33043
33044
33080
33081
33082
33083
33084
33085
33086
33087
33088
33089
33100
33101
33102
33103
33104
33105
33106
33107
33108
33121
33122
33143
33144
33180
33181
33182
33183
33184
33185
33186
33187
33188
33189
33200
33201
33202
33203
33204
33205
33206
33207
33208
33221
33222
33243
33244
33280
33281
33282
33283
33284
33285
33286
33287
33288
33289
33300
33301
33302
33303
33304
33305
33306
33307
33308
33321
33322
33343
33344
33380
33381
33382
33383
33384
33385
33386
33387
33388
33389
33400
33401
33402
33403
33404
33405
33406
33407
33408
33421
33422
33434
33443
33444
33480
33481
33482
33483
33484
33485
33486
33487
33488
33489
33500
33501
33502
33503
33504
33505
33506
33507
33508
33521
33522
33543
33544
33580
33581
33582
33583
33584
33585
33586
33587
33588
33589
33600
33601
33602
33603
33604
33605
33606
33607
33608
33621
33622
33643
33644
33680
33681
33682
33683
33684
33685
33686
33687
33688
33689
33700
33701
33702
33703
33704
33705
33706
33707
33708
33721
33722
33743
33744
33780
33781
33782
33783
33784
33785
33786
33787
33788
33789
33800
33801
33802
33803
33804
33805
33806
33807
33808
33821
33822
33843
33844
33848
33880
33881
33882
33883
33884
33885
33886
33887
33888
33889
33900
33901
33902
33903
33904
33905
33906
33907
33908
33921
33922
33943
33944
33980
33981
33982
33983
33984
33985
33986
33987
33988
33989
34000
34001
34002
34003
34004
34005
34006
34007
34008
34021
34022
34043
34044
34080
34081
34082
34083
34084
34085
34086
34087
34088
34089
34100
34101
34102
34103
34104
34105
34106
34107
34108
34121
34122
34143
34144
34180
34181
34182
34183
34184
34185
34186
34187
34188
34189
34197
34200
34201
34202
34203
34204
34205
34206
34207
34208
34221
34222
34243
34244
34280
34281
34282
34283
34284
34285
34286
34287
34288
34289
34300
34301
34302
34303
34304
34305
34306
34307
34308
34321
34322
34343
34344
34380
34381
34382
34383
34384
34385
34386
34387
34388
34389
34400
34401
34402
34403
34404
34405
34406
34407
34408
34421
34422
34443
34444
34480
34481
34482
34483
34484
34485
34486
34487
34488
34489
34500
34501
34502
34503
34504
34505
34506
34507
34508
34521
34522
34543
34544
34580
34581
34582
34583
34584
34585
34586
34587
34588
34589
34600
34601
34602
34603
34604
34605
34606
34607
34608
34621
34622
34643
34644
34680
34681
34682
34683
34684
34685
34686
34687
34688
34689
34700
34701
34702
34703
34704
34705
34706
34707
34708
34721
34722
34743
34744
34780
34781
34782
34783
34784
34785
34786
34787
34788
34789
34800
34801
34802
34803
34804
34805
34806
34807
34808
34821
34822
34843
34844
34880
34881
34882
34883
34884
34885
34886
34887
34888
34889
34900
34901
34902
34903
34904
34905
34906
34907
34908
34921
34922
34943
34944
34980
34981
34982
34983
34984
34985
34986
34987
34988
34989
35000
35001
35002
35003
35004
35005
35006
35007
35008
35021
35022
35043
35044
35080
35081
35082
35083
35084
35085
35086
35087
35088
35089
35100
35101
35102
35103
35104
35105
35106
35107
35108
35121
35122
35143
35144
35180
35181
35182
35183
35184
35185
35186
35187
35188
35189
35200
35201
35202
35203
35204
35205
35206
35207
35208
35221
35222
35243
35244
35280
35281
35282
35283
35284
35285
35286
35287
35288
35289
35300
35301
35302
35303
35304
35305
35306
35307
35308
35321
35322
35343
35344
35357
35380
35381
35382
35383
35384
35385
35386
35387
35388
35389
35400
35401
35402
35403
35404
35405
35406
35407
35408
35421
35422
35443
35444
35480
35481
35482
35483
35484
35485
35486
35487
35488
35489
35500
35501
35502
35503
35504
35505
35506
35507
35508
35521
35522
35543
35544
35580
35581
35582
35583
35584
35585
35586
35587
35588
35589
35600
35601
35602
35603
35604
35605
35606
35607
35608
35621
35622
35643
35644
35680
35681
35682
35683
35684
35685
35686
35687
35688
35689
35700
35701
35702
35703
35704
35705
35706
35707
35708
35721
35722
35743
35744
35780
35781
35782
35783
35784
35785
35786
35787
35788
35789
35800
35801
35802
35803
35804
35805
35806
35807
35808
35821
35822
35843
35844
35880
35881
35882
35883
35884
35885
35886
35887
35888
35889
35900
35901
35902
35903
35904
35905
35906
35907
35908
35921
35922
35943
35944
35980
35981
35982
35983
35984
35985
35986
35987
35988
35989
36000
36001
36002
36003
36004
36005
36006
36007
36008
36021
36022
36043
36044
36080
36081
36082
36083
36084
36085
36086
36087
36088
36089
36100
36101
36102
36103
36104
36105
36106
36107
36108
36121
36122
36143
36144
36180
36181
36182
36183
36184
36185
36186
36187
36188
36189
36200
36201
36202
36203
36204
36205
36206
36207
36208
36221
36222
36243
36244
36280
36281
36282
36283
36284
36285
36286
36287
36288
36289
36300
36301
36302
36303
36304
36305
36306
36307
36308
36321
36322
36330
36343
36344
36380
36381
36382
36383
36384
36385
36386
36387
36388
36389
36400
36401
36402
36403
36404
36405
36406
36407
36408
36421
36422
36443
36444
36480
36481
36482
36483
36484
36485
36486
36487
36488
36489
36500
36501
36502
36503
36504
36505
36506
36507
36508
36521
36522
36543
36544
36580
36581
36582
36583
36584
36585
36586
36587
36588
36589
36600
36601
36602
36603
36604
36605
36606
36607
36608
36621
36622
36643
36644
36680
36681
36682
36683
36684
36685
36686
36687
36688
36689
36700
36701
36702
36703
36704
36705
36706
36707
36708
36721
36722
36743
36744
36780
36781
36782
36783
36784
36785
36786
36787
36788
36789
36800
36801
36802
36803
36804
36805
36806
36807
36808
36821
36822
36843
36844
36880
36881
36882
36883
36884
36885
36886
36887
36888
36889
36900
36901
36902
36903
36904
36905
36906
36907
36908
36921
36922
36943
36944
36980
36981
36982
36983
36984
36985
36986
36987
36988
36989
37000
37001
37002
37003
37004
37005
37006
37007
37008
37021
37022
37043
37044
37080
37081
37082
37083
37084
37085
37086
37087
37088
37089
37100
37101
37102
37103
37104
37105
37106
37107
37108
37121
37122
37143
37144
37180
37181
37182
37183
37184
37185
37186
37187
37188
37189
37200
37201
37202
37203
37204
37205
37206
37207
37208
37221
37222
37243
37244
37280
37281
37282
37283
37284
37285
37286
37287
37288
37289
37300
37301
37302
37303
37304
37305
37306
37307
37308
37321
37322
37343
37344
37380
37381
37382
37383
37384
37385
37386
37387
37388
37389
37400
37401
37402
37403
37404
37405
37406
37407
37408
37421
37422
37443
37444
37480
37481
37482
37483
37484
37485
37486
37487
37488
37489
37500
37501
37502
37503
37504
37505
37506
37507
37508
37521
37522
37543
37544
37580
37581
37582
37583
37584
37585
37586
37587
37588
37589
37600
37601
37602
37603
37604
37605
37606
37607
37608
37621
37622
37643
37644
37680
37681
37682
37683
37684
37685
37686
37687
37688
37689
37700
37701
37702
37703
37704
37705
37706
37707
37708
37721
37722
37743
37744
37780
37781
37782
37783
37784
37785
37786
37787
37788
37789
37800
37801
37802
37803
37804
37805
37806
37807
37808
37821
37822
37843
37844
37880
37881
37882
37883
37884
37885
37886
37887
37888
37889
37900
37901
37902
37903
37904
37905
37906
37907
37908
37921
37922
37943
37944
37980
37981
37982
37983
37984
37985
37986
37987
37988
37989
38000
38001
38002
38003
38004
38005
38006
38007
38008
38021
38022
38043
38044
38080
38081
38082
38083
38084
38085
38086
38087
38088
38089
38100
38101
38102
38103
38104
38105
38106
38107
38108
38121
38122
38143
38144
38180
38181
38182
38183
38184
38185
38186
38187
38188
38189
38200
38201
38202
38203
38204
38205
38206
38207
38208
38221
38222
38243
38244
38280
38281
38282
38283
38284
38285
38286
38287
38288
38289
38300
38301
38302
38303
38304
38305
38306
38307
38308
38321
38322
38343
38344
38380
38381
38382
38383
38384
38385
38386
38387
38388
38389
38400
38401
38402
38403
38404
38405
38406
38407
38408
38421
38422
38443
38444
38480
38481
38482
38483
38484
38485
38486
38487
38488
38489
38500
38501
38502
38503
38504
38505
38506
38507
38508
38521
38522
38543
38544
38580
38581
38582
38583
38584
38585
38586
38587
38588
38589
38600
38601
38602
38603
38604
38605
38606
38607
38608
38621
38622
38643
38644
38680
38681
38682
38683
38684
38685
38686
38687
38688
38689
38700
38701
38702
38703
38704
38705
38706
38707
38708
38721
38722
38743
38744
38780
38781
38782
38783
38784
38785
38786
38787
38788
38789
38800
38801
38802
38803
38804
38805
38806
38807
38808
38821
38822
38843
38844
38880
38881
38882
38883
38884
38885
38886
38887
38888
38889
38900
38901
38902
38903
38904
38905
38906
38907
38908
38921
38922
38943
38944
38980
38981
38982
38983
38984
38985
38986
38987
38988
38989
39000
39001
39002
39003
39004
39005
39006
39007
39008
39021
39022
39043
39044
39080
39081
39082
39083
39084
39085
39086
39087
39088
39089
39100
39101
39102
39103
39104
39105
39106
39107
39108
39121
39122
39143
39144
39180
39181
39182
39183
39184
39185
39186
39187
39188
39189
39200
39201
39202
39203
39204
39205
39206
39207
39208
39221
39222
39243
39244
39280
39281
39282
39283
39284
39285
39286
39287
39288
39289
39300
39301
39302
39303
39304
39305
39306
39307
39308
39321
39322
39343
39344
39380
39381
39382
39383
39384
39385
39386
39387
39388
39389
39400
39401
39402
39403
39404
39405
39406
39407
39408
39421
39422
39443
39444
39480
39481
39482
39483
39484
39485
39486
39487
39488
39489
39500
39501
39502
39503
39504
39505
39506
39507
39508
39521
39522
39543
39544
39580
39581
39582
39583
39584
39585
39586
39587
39588
39589
39600
39601
39602
39603
39604
39605
39606
39607
39608
39621
39622
39643
39644
39680
39681
39682
39683
39684
39685
39686
39687
39688
39689
39700
39701
39702
39703
39704
39705
39706
39707
39708
39721
39722
39743
39744
39780
39781
39782
39783
39784
39785
39786
39787
39788
39789
39800
39801
39802
39803
39804
39805
39806
39807
39808
39821
39822
39843
39844
39880
39881
39882
39883
39884
39885
39886
39887
39888
39889
39900
39901
39902
39903
39904
39905
39906
39907
39908
39921
39922
39943
39944
39980
39981
39982
39983
39984
39985
39986
39987
39988
39989
40000
41000
41001
41002
41003
41004
41005
41006
41007
41008
41009
41010
41011
41012
41013
41014
41015
41016
41017
41018
41019
41020
41021
41022
41023
41024
41043
41044
41080
41081
41082
41083
41084
41085
41086
41087
41088
41089
41100
41101
41102
41103
41104
41105
41106
41107
41108
41109
41110
41111
41112
41113
41114
41115
41116
41117
41118
41119
41120
41121
41122
41123
41124
41143
41144
41180
41181
41182
41183
41184
41185
41186
41187
41188
41189
41200
41201
41202
41203
41204
41205
41206
41207
41208
41221
41222
41230
41243
41244
41280
41281
41282
41283
41284
41285
41286
41287
41288
41289
41300
41301
41302
41303
41304
41305
41306
41307
41308
41321
41322
41343
41344
41380
41381
41382
41383
41384
41385
41386
41387
41388
41389
41400
41401
41402
41403
41404
41405
41406
41407
41408
41421
41422
41443
41444
41445
41446
41447
41448
41480
41481
41482
41483
41484
41485
41486
41487
41488
41489
41500
41501
41502
41503
41504
41505
41506
41507
41508
41521
41522
41543
41544
41580
41581
41582
41583
41584
41585
41586
41587
41588
41589
41600
41601
41602
41603
41604
41605
41606
41607
41608
41621
41622
41643
41644
41680
41681
41682
41683
41684
41685
41686
41687
41688
41689
41700
41701
41702
41703
41704
41705
41706
41707
41708
41721
41722
41743
41744
41780
41781
41782
41783
41784
41785
41786
41787
41788
41789
41794
41795
41796
41797
41800
41801
41802
41803
41804
41805
41806
41807
41808
41821
41822
41843
41844
41880
41881
41882
41883
41884
41885
41886
41887
41888
41889
41900
41901
41902
41903
41904
41905
41906
41907
41908
41921
41922
41943
41944
41980
41981
41982
41983
41984
41985
41986
41987
41988
41989
42000
42001
42002
42003
42004
42005
42006
42007
42008
42021
42022
42043
42044
42080
42081
42082
42083
42084
42085
42086
42087
42088
42089
42100
42101
42102
42103
42104
42105
42106
42107
42108
42121
42122
42143
42144
42180
42181
42182
42183
42184
42185
42186
42187
42188
42189
42200
42201
42202
42203
42204
42205
42206
42207
42208
42221
42222
42243
42244
42280
42281
42282
42283
42284
42285
42286
42287
42288
42289
42300
42301
42302
42303
42304
42305
42306
42307
42308
42321
42322
42343
42344
42380
42381
42382
42383
42384
42385
42386
42387
42388
42389
42400
42401
42402
42403
42404
42405
42406
42407
42408
42421
42422
42443
42444
42480
42481
42482
42483
42484
42485
42486
42487
42488
42489
42500
42501
42502
42503
42504
42505
42506
42507
42508
42521
42522
42543
42544
42580
42581
42582
42583
42584
42585
42586
42587
42588
42589
42590
42591
42592
42593
42594
42600
42601
42602
42603
42604
42605
42606
42607
42608
42621
42622
42643
42644
42680
42681
42682
42683
42684
42685
42686
42687
42688
42689
42700
42701
42702
42703
42704
42705
42706
42707
42708
42721
42722
42743
42744
42780
42781
42782
42783
42784
42785
42786
42787
42788
42789
42800
42801
42802
42803
42804
42805
42806
42807
42808
42821
42822
42843
42844
42880
42881
42882
42883
42884
42885
42886
42887
42888
42889
42900
42901
42902
42903
42904
42905
42906
42907
42908
42921
42922
42943
42944
42980
42981
42982
42983
42984
42985
42986
42987
42988
42989
42999
43000
43001
43002
43003
43004
43005
43006
43007
43008
43021
43022
43043
43044
43080
43081
43082
43083
43084
43085
43086
43087
43088
43089
43100
43101
43102
43103
43104
43105
43106
43107
43108
43110
43121
43122
43143
43144
43180
43181
43182
43183
43184
43185
43186
43187
43188
43189
43200
43201
43202
43203
43204
43205
43206
43207
43208
43221
43222
43243
43244
43280
43281
43282
43283
43284
43285
43286
43287
43288
43289
43300
43301
43302
43303
43304
43305
43306
43307
43308
43321
43322
43343
43344
43380
43381
43382
43383
43384
43385
43386
43387
43388
43389
43400
43401
43402
43403
43404
43405
43406
43407
43408
43421
43422
43443
43444
43480
43481
43482
43483
43484
43485
43486
43487
43488
43489
43500
43501
43502
43503
43504
43505
43506
43507
43508
43521
43522
43543
43544
43580
43581
43582
43583
43584
43585
43586
43587
43588
43589
43594
43600
43601
43602
43603
43604
43605
43606
43607
43608
43621
43622
43643
43644
43680
43681
43682
43683
43684
43685
43686
43687
43688
43689
43700
43701
43702
43703
43704
43705
43706
43707
43708
43721
43722
43743
43744
43780
43781
43782
43783
43784
43785
43786
43787
43788
43789
43800
43801
43802
43803
43804
43805
43806
43807
43808
43821
43822
43843
43844
43880
43881
43882
43883
43884
43885
43886
43887
43888
43889
43900
43901
43902
43903
43904
43905
43906
43907
43908
43921
43922
43943
43944
43980
43981
43982
43983
43984
43985
43986
43987
43988
43989
44000
44001
44002
44003
44004
44005
44006
44007
44008
44021
44022
44043
44044
44080
44081
44082
44083
44084
44085
44086
44087
44088
44089
44100
44101
44102
44103
44104
44105
44106
44107
44108
44121
44122
44123
44143
44144
44180
44181
44182
44183
44184
44185
44186
44187
44188
44189
44200
44201
44202
44203
44204
44205
44206
44207
44208
44221
44222
44243
44244
44280
44281
44282
44283
44284
44285
44286
44287
44288
44289
44300
44301
44302
44303
44304
44305
44306
44307
44308
44321
44322
44343
44344
44380
44381
44382
44383
44384
44385
44386
44387
44388
44389
44400
44401
44402
44403
44404
44405
44406
44407
44408
44421
44422
44443
44444
44480
44481
44482
44483
44484
44485
44486
44487
44488
44489
44500
44501
44502
44503
44504
44505
44506
44507
44508
44521
44522
44543
44544
44580
44581
44582
44583
44584
44585
44586
44587
44588
44589
44600
44601
44602
44603
44604
44605
44606
44607
44608
44621
44622
44643
44644
44680
44681
44682
44683
44684
44685
44686
44687
44688
44689
44700
44701
44702
44703
44704
44705
44706
44707
44708
44721
44722
44743
44744
44780
44781
44782
44783
44784
44785
44786
44787
44788
44789
44800
44801
44802
44803
44804
44805
44806
44807
44808
44818
44821
44822
44843
44844
44880
44881
44882
44883
44884
44885
44886
44887
44888
44889
44900
44901
44902
44903
44904
44905
44906
44907
44908
44921
44922
44943
44944
44980
44981
44982
44983
44984
44985
44986
44987
44988
44989
45000
45001
45002
45003
45004
45005
45006
45007
45008
45021
45022
45043
45044
45080
45081
45082
45083
45084
45085
45086
45087
45088
45089
45100
45101
45102
45103
45104
45105
45106
45107
45108
45121
45122
45143
45144
45180
45181
45182
45183
45184
45185
45186
45187
45188
45189
45200
45201
45202
45203
45204
45205
45206
45207
45208
45221
45222
45243
45244
45280
45281
45282
45283
45284
45285
45286
45287
45288
45289
45300
45301
45302
45303
45304
45305
45306
45307
45308
45321
45322
45343
45344
45380
45381
45382
45383
45384
45385
45386
45387
45388
45389
45400
45401
45402
45403
45404
45405
45406
45407
45408
45421
45422
45443
45444
45480
45481
45482
45483
45484
45485
45486
45487
45488
45489
45500
45501
45502
45503
45504
45505
45506
45507
45508
45521
45522
45543
45544
45580
45581
45582
45583
45584
45585
45586
45587
45588
45589
45600
45601
45602
45603
45604
45605
45606
45607
45608
45621
45622
45643
45644
45680
45681
45682
45683
45684
45685
45686
45687
45688
45689
45700
45701
45702
45703
45704
45705
45706
45707
45708
45721
45722
45743
45744
45780
45781
45782
45783
45784
45785
45786
45787
45788
45789
45800
45801
45802
45803
45804
45805
45806
45807
45808
45821
45822
45843
45844
45880
45881
45882
45883
45884
45885
45886
45887
45888
45889
45900
45901
45902
45903
45904
45905
45906
45907
45908
45921
45922
45943
45944
45980
45981
45982
45983
45984
45985
45986
45987
45988
45989
46000
46001
46002
46003
46004
46005
46006
46007
46008
46021
46022
46043
46044
46080
46081
46082
46083
46084
46085
46086
46087
46088
46089
46100
46101
46102
46103
46104
46105
46106
46107
46108
46121
46122
46143
46144
46180
46181
46182
46183
46184
46185
46186
46187
46188
46189
46200
46201
46202
46203
46204
46205
46206
46207
46208
46221
46222
46243
46244
46280
46281
46282
46283
46284
46285
46286
46287
46288
46289
46300
46301
46302
46303
46304
46305
46306
46307
46308
46321
46322
46343
46344
46380
46381
46382
46383
46384
46385
46386
46387
46388
46389
46400
46401
46402
46403
46404
46405
46406
46407
46408
46421
46422
46443
46444
46480
46481
46482
46483
46484
46485
46486
46487
46488
46489
46500
46501
46502
46503
46504
46505
46506
46507
46508
46521
46522
46543
46544
46580
46581
46582
46583
46584
46585
46586
46587
46588
46589
46600
46601
46602
46603
46604
46605
46606
46607
46608
46621
46622
46643
46644
46680
46681
46682
46683
46684
46685
46686
46687
46688
46689
46700
46701
46702
46703
46704
46705
46706
46707
46708
46721
46722
46743
46744
46780
46781
46782
46783
46784
46785
46786
46787
46788
46789
46800
46801
46802
46803
46804
46805
46806
46807
46808
46821
46822
46843
46844
46880
46881
46882
46883
46884
46885
46886
46887
46888
46889
46900
46901
46902
46903
46904
46905
46906
46907
46908
46921
46922
46943
46944
46980
46981
46982
46983
46984
46985
46986
46987
46988
46989
47000
47001
47002
47003
47004
47005
47006
47007
47008
47021
47022
47043
47044
47080
47081
47082
47083
47084
47085
47086
47087
47088
47089
47100
47101
47102
47103
47104
47105
47106
47107
47108
47121
47122
47143
47144
47180
47181
47182
47183
47184
47185
47186
47187
47188
47189
47200
47201
47202
47203
47204
47205
47206
47207
47208
47221
47222
47243
47244
47280
47281
47282
47283
47284
47285
47286
47287
47288
47289
47300
47301
47302
47303
47304
47305
47306
47307
47308
47321
47322
47343
47344
47380
47381
47382
47383
47384
47385
47386
47387
47388
47389
47400
47401
47402
47403
47404
47405
47406
47407
47408
47421
47422
47443
47444
47480
47481
47482
47483
47484
47485
47486
47487
47488
47489
47500
47501
47502
47503
47504
47505
47506
47507
47508
47521
47522
47543
47544
47580
47581
47582
47583
47584
47585
47586
47587
47588
47589
47600
47601
47602
47603
47604
47605
47606
47607
47608
47621
47622
47643
47644
47680
47681
47682
47683
47684
47685
47686
47687
47688
47689
47700
47701
47702
47703
47704
47705
47706
47707
47708
47721
47722
47743
47744
47780
47781
47782
47783
47784
47785
47786
47787
47788
47789
47800
47801
47802
47803
47804
47805
47806
47807
47808
47809
47810
47811
47812
47813
47814
47815
47816
47817
47818
47819
47820
47821
47822
47843
47844
47880
47881
47882
47883
47884
47885
47886
47887
47888
47889
47900
47901
47902
47903
47904
47905
47906
47907
47908
47921
47922
47943
47944
47980
47981
47982
47983
47984
47985
47986
47987
47988
47989
48000
48001
48002
48003
48004
48005
48006
48007
48008
48021
48022
48043
48044
48080
48081
48082
48083
48084
48085
48086
48087
48088
48089
48100
48101
48102
48103
48104
48105
48106
48107
48108
48121
48122
48143
48144
48180
48181
48182
48183
48184
48185
48186
48187
48188
48189
48200
48201
48202
48203
48204
48205
48206
48207
48208
48221
48222
48243
48244
48280
48281
48282
48283
48284
48285
48286
48287
48288
48289
48300
48301
48302
48303
48304
48305
48306
48307
48308
48321
48322
48343
48344
48380
48381
48382
48383
48384
48385
48386
48387
48388
48389
48400
48401
48402
48403
48404
48405
48406
48407
48408
48421
48422
48443
48444
48480
48481
48482
48483
48484
48485
48486
48487
48488
48489
48500
48501
48502
48503
48504
48505
48506
48507
48508
48521
48522
48543
48544
48556
48580
48581
48582
48583
48584
48585
48586
48587
48588
48589
48600
48601
48602
48603
48604
48605
48606
48607
48608
48621
48622
48643
48644
48656
48657
48680
48681
48682
48683
48684
48685
48686
48687
48688
48689
48700
48701
48702
48703
48704
48705
48706
48707
48708
48721
48722
48743
48744
48780
48781
48782
48783
48784
48785
48786
48787
48788
48789
48800
48801
48802
48803
48804
48805
48806
48807
48808
48821
48822
48843
48844
48880
48881
48882
48883
48884
48885
48886
48887
48888
48889
48900
48901
48902
48903
48904
48905
48906
48907
48908
48921
48922
48943
48944
48980
48981
48982
48983
48984
48985
48986
48987
48988
48989
49000
49001
49002
49003
49004
49005
49006
49007
49008
49021
49022
49043
49044
49080
49081
49082
49083
49084
49085
49086
49087
49088
49089
49100
49101
49102
49103
49104
49105
49106
49107
49108
49121
49122
49143
49144
49151
49160
49180
49181
49182
49183
49184
49185
49186
49187
49188
49189
49200
49201
49202
49203
49204
49205
49206
49207
49208
49221
49222
49243
49244
49280
49281
49282
49283
49284
49285
49286
49287
49288
49289
49300
49301
49302
49303
49304
49305
49306
49307
49308
49321
49322
49343
49344
49380
49381
49382
49383
49384
49385
49386
49387
49388
49389
49400
49401
49402
49403
49404
49405
49406
49407
49408
49421
49422
49443
49444
49480
49481
49482
49483
49484
49485
49486
49487
49488
49489
49500
49501
49502
49503
49504
49505
49506
49507
49508
49521
49522
49543
49544
49580
49581
49582
49583
49584
49585
49586
49587
49588
49589
49600
49601
49602
49603
49604
49605
49606
49607
49608
49621
49622
49643
49644
49680
49681
49682
49683
49684
49685
49686
49687
49688
49689
49700
49701
49702
49703
49704
49705
49706
49707
49708
49721
49722
49743
49744
49780
49781
49782
49783
49784
49785
49786
49787
49788
49789
49800
49801
49802
49803
49804
49805
49806
49807
49808
49821
49822
49843
49844
49880
49881
49882
49883
49884
49885
49886
49887
49888
49889
49900
49901
49902
49903
49904
49905
49906
49907
49908
49921
49922
49943
49944
49980
49981
49982
49983
49984
49985
49986
49987
49988
49989
51000
51001
51002
51003
51004
51005
51006
51007
51008
51021
51022
51043
51044
51080
51081
51082
51083
51084
51085
51086
51087
51088
51089
51100
51101
51102
51103
51104
51105
51106
51107
51108
51121
51122
51143
51144
51180
51181
51182
51183
51184
51185
51186
51187
51188
51189
51200
51201
51202
51203
51204
51205
51206
51207
51208
51221
51222
51243
51244
51280
51281
51282
51283
51284
51285
51286
51287
51288
51289
51300
51301
51302
51303
51304
51305
51306
51307
51308
51321
51322
51343
51344
51380
51381
51382
51383
51384
51385
51386
51387
51388
51389
51400
51401
51402
51403
51404
51405
51406
51407
51408
51421
51422
51443
51444
51480
51481
51482
51483
51484
51485
51486
51487
51488
51489
51500
51501
51502
51503
51504
51505
51506
51507
51508
51521
51522
51543
51544
51580
51581
51582
51583
51584
51585
51586
51587
51588
51589
51600
51601
51602
51603
51604
51605
51606
51607
51608
51621
51622
51643
51644
51680
51681
51682
51683
51684
51685
51686
51687
51688
51689
51700
51701
51702
51703
51704
51705
51706
51707
51708
51721
51722
51743
51744
51780
51781
51782
51783
51784
51785
51786
51787
51788
51789
51800
51801
51802
51803
51804
51805
51806
51807
51808
51820
51821
51822
51843
51844
51880
51881
51882
51883
51884
51885
51886
51887
51888
51889
51900
51901
51902
51903
51904
51905
51906
51907
51908
51921
51922
51943
51944
51980
51981
51982
51983
51984
51985
51986
51987
51988
51989
52000
52001
52002
52003
52004
52005
52006
52007
52008
52021
52022
52043
52044
52080
52081
52082
52083
52084
52085
52086
52087
52088
52089
52100
52101
52102
52103
52104
52105
52106
52107
52108
52121
52122
52143
52144
52180
52181
52182
52183
52184
52185
52186
52187
52188
52189
52200
52201
52202
52203
52204
52205
52206
52207
52208
52221
52222
52243
52244
52280
52281
52282
52283
52284
52285
52286
52287
52288
52289
52300
52301
52302
52303
52304
52305
52306
52307
52308
52321
52322
52343
52344
52380
52381
52382
52383
52384
52385
52386
52387
52388
52389
52400
52401
52402
52403
52404
52405
52406
52407
52408
52421
52422
52443
52444
52480
52481
52482
52483
52484
52485
52486
52487
52488
52489
52500
52501
52502
52503
52504
52505
52506
52507
52508
52521
52522
52543
52544
52580
52581
52582
52583
52584
52585
52586
52587
52588
52589
52600
52601
52602
52603
52604
52605
52606
52607
52608
52621
52622
52643
52644
52680
52681
52682
52683
52684
52685
52686
52687
52688
52689
52700
52701
52702
52703
52704
52705
52706
52707
52708
52721
52722
52743
52744
52780
52781
52782
52783
52784
52785
52786
52787
52788
52789
52800
52801
52802
52803
52804
52805
52806
52807
52808
52821
52822
52843
52844
52880
52881
52882
52883
52884
52885
52886
52887
52888
52889
52900
52901
52902
52903
52904
52905
52906
52907
52908
52921
52922
52943
52944
52980
52981
52982
52983
52984
52985
52986
52987
52988
52989
53000
53001
53002
53003
53004
53005
53006
53007
53008
53021
53022
53043
53044
53080
53081
53082
53083
53084
53085
53086
53087
53088
53089
53100
53101
53102
53103
53104
53105
53106
53107
53108
53121
53122
53143
53144
53180
53181
53182
53183
53184
53185
53186
53187
53188
53189
53200
53201
53202
53203
53204
53205
53206
53207
53208
53221
53222
53243
53244
53280
53281
53282
53283
53284
53285
53286
53287
53288
53289
53300
53301
53302
53303
53304
53305
53306
53307
53308
53321
53322
53343
53344
53380
53381
53382
53383
53384
53385
53386
53387
53388
53389
53400
53401
53402
53403
53404
53405
53406
53407
53408
53421
53422
53443
53444
53480
53481
53482
53483
53484
53485
53486
53487
53488
53489
53500
53501
53502
53503
53504
53505
53506
53507
53508
53521
53522
53543
53544
53580
53581
53582
53583
53584
53585
53586
53587
53588
53589
53600
53601
53602
53603
53604
53605
53606
53607
53608
53621
53622
53643
53644
53680
53681
53682
53683
53684
53685
53686
53687
53688
53689
53700
53701
53702
53703
53704
53705
53706
53707
53708
53721
53722
53743
53744
53780
53781
53782
53783
53784
53785
53786
53787
53788
53789
53800
53801
53802
53803
53804
53805
53806
53807
53808
53821
53822
53843
53844
53880
53881
53882
53883
53884
53885
53886
53887
53888
53889
53900
53901
53902
53903
53904
53905
53906
53907
53908
53921
53922
53943
53944
53980
53981
53982
53983
53984
53985
53986
53987
53988
53989
54000
54001
54002
54003
54004
54005
54006
54007
54008
54021
54022
54043
54044
54080
54081
54082
54083
54084
54085
54086
54087
54088
54089
54100
54101
54102
54103
54104
54105
54106
54107
54108
54121
54122
54143
54144
54180
54181
54182
54183
54184
54185
54186
54187
54188
54189
54200
54201
54202
54203
54204
54205
54206
54207
54208
54221
54222
54243
54244
54280
54281
54282
54283
54284
54285
54286
54287
54288
54289
54300
54301
54302
54303
54304
54305
54306
54307
54308
54321
54322
54323
54325
54343
54344
54380
54381
54382
54383
54384
54385
54386
54387
54388
54389
54400
54401
54402
54403
54404
54405
54406
54407
54408
54421
54422
54443
54444
54480
54481
54482
54483
54484
54485
54486
54487
54488
54489
54500
54501
54502
54503
54504
54505
54506
54507
54508
54521
54522
54543
54544
54580
54581
54582
54583
54584
54585
54586
54587
54588
54589
54600
54601
54602
54603
54604
54605
54606
54607
54608
54621
54622
54643
54644
54680
54681
54682
54683
54684
54685
54686
54687
54688
54689
54700
54701
54702
54703
54704
54705
54706
54707
54708
54721
54722
54743
54744
54780
54781
54782
54783
54784
54785
54786
54787
54788
54789
54800
54801
54802
54803
54804
54805
54806
54807
54808
54821
54822
54843
54844
54880
54881
54882
54883
54884
54885
54886
54887
54888
54889
54900
54901
54902
54903
54904
54905
54906
54907
54908
54921
54922
54943
54944
54980
54981
54982
54983
54984
54985
54986
54987
54988
54989
55000
55001
55002
55003
55004
55005
55006
55007
55008
55021
55022
55043
55044
55080
55081
55082
55083
55084
55085
55086
55087
55088
55089
55100
55101
55102
55103
55104
55105
55106
55107
55108
55121
55122
55143
55144
55180
55181
55182
55183
55184
55185
55186
55187
55188
55189
55200
55201
55202
55203
55204
55205
55206
55207
55208
55221
55222
55243
55244
55280
55281
55282
55283
55284
55285
55286
55287
55288
55289
55300
55301
55302
55303
55304
55305
55306
55307
55308
55321
55322
55343
55344
55380
55381
55382
55383
55384
55385
55386
55387
55388
55389
55400
55401
55402
55403
55404
55405
55406
55407
55408
55421
55422
55443
55444
55480
55481
55482
55483
55484
55485
55486
55487
55488
55489
55500
55501
55502
55503
55504
55505
55506
55507
55508
55521
55522
55543
55544
55555
55580
55581
55582
55583
55584
55585
55586
55587
55588
55589
55600
55601
55602
55603
55604
55605
55606
55607
55608
55621
55622
55643
55644
55680
55681
55682
55683
55684
55685
55686
55687
55688
55689
55700
55701
55702
55703
55704
55705
55706
55707
55708
55721
55722
55743
55744
55780
55781
55782
55783
55784
55785
55786
55787
55788
55789
55800
55801
55802
55803
55804
55805
55806
55807
55808
55821
55822
55843
55844
55880
55881
55882
55883
55884
55885
55886
55887
55888
55889
55900
55901
55902
55903
55904
55905
55906
55907
55908
55921
55922
55943
55944
55980
55981
55982
55983
55984
55985
55986
55987
55988
55989
56000
56001
56002
56003
56004
56005
56006
56007
56008
56021
56022
56043
56044
56080
56081
56082
56083
56084
56085
56086
56087
56088
56089
56100
56101
56102
56103
56104
56105
56106
56107
56108
56121
56122
56143
56144
56180
56181
56182
56183
56184
56185
56186
56187
56188
56189
56200
56201
56202
56203
56204
56205
56206
56207
56208
56221
56222
56243
56244
56280
56281
56282
56283
56284
56285
56286
56287
56288
56289
56300
56301
56302
56303
56304
56305
56306
56307
56308
56321
56322
56343
56344
56380
56381
56382
56383
56384
56385
56386
56387
56388
56389
56400
56401
56402
56403
56404
56405
56406
56407
56408
56421
56422
56443
56444
56480
56481
56482
56483
56484
56485
56486
56487
56488
56489
56500
56501
56502
56503
56504
56505
56506
56507
56508
56521
56522
56543
56544
56580
56581
56582
56583
56584
56585
56586
56587
56588
56589
56600
56601
56602
56603
56604
56605
56606
56607
56608
56621
56622
56643
56644
56680
56681
56682
56683
56684
56685
56686
56687
56688
56689
56700
56701
56702
56703
56704
56705
56706
56707
56708
56721
56722
56743
56744
56780
56781
56782
56783
56784
56785
56786
56787
56788
56789
56800
56801
56802
56803
56804
56805
56806
56807
56808
56821
56822
56843
56844
56880
56881
56882
56883
56884
56885
56886
56887
56888
56889
56900
56901
56902
56903
56904
56905
56906
56907
56908
56921
56922
56943
56944
56980
56981
56982
56983
56984
56985
56986
56987
56988
56989
57000
57001
57002
57003
57004
57005
57006
57007
57008
57021
57022
57043
57044
57080
57081
57082
57083
57084
57085
57086
57087
57088
57089
57100
57101
57102
57103
57104
57105
57106
57107
57108
57121
57122
57143
57144
57180
57181
57182
57183
57184
57185
57186
57187
57188
57189
57200
57201
57202
57203
57204
57205
57206
57207
57208
57221
57222
57243
57244
57280
57281
57282
57283
57284
57285
57286
57287
57288
57289
57300
57301
57302
57303
57304
57305
57306
57307
57308
57321
57322
57343
57344
57380
57381
57382
57383
57384
57385
57386
57387
57388
57389
57400
57401
57402
57403
57404
57405
57406
57407
57408
57421
57422
57443
57444
57480
57481
57482
57483
57484
57485
57486
57487
57488
57489
57500
57501
57502
57503
57504
57505
57506
57507
57508
57521
57522
57543
57544
57580
57581
57582
57583
57584
57585
57586
57587
57588
57589
57600
57601
57602
57603
57604
57605
57606
57607
57608
57621
57622
57643
57644
57680
57681
57682
57683
57684
57685
57686
57687
57688
57689
57700
57701
57702
57703
57704
57705
57706
57707
57708
57721
57722
57743
57744
57780
57781
57782
57783
57784
57785
57786
57787
57788
57789
57800
57801
57802
57803
57804
57805
57806
57807
57808
57821
57822
57843
57844
57880
57881
57882
57883
57884
57885
57886
57887
57888
57889
57900
57901
57902
57903
57904
57905
57906
57907
57908
57921
57922
57943
57944
57980
57981
57982
57983
57984
57985
57986
57987
57988
57989
58000
58001
58002
58003
58004
58005
58006
58007
58008
58021
58022
58043
58044
58080
58081
58082
58083
58084
58085
58086
58087
58088
58089
58100
58101
58102
58103
58104
58105
58106
58107
58108
58121
58122
58143
58144
58180
58181
58182
58183
58184
58185
58186
58187
58188
58189
58200
58201
58202
58203
58204
58205
58206
58207
58208
58221
58222
58243
58244
58280
58281
58282
58283
58284
58285
58286
58287
58288
58289
58300
58301
58302
58303
58304
58305
58306
58307
58308
58321
58322
58343
58344
58380
58381
58382
58383
58384
58385
58386
58387
58388
58389
58400
58401
58402
58403
58404
58405
58406
58407
58408
58421
58422
58443
58444
58480
58481
58482
58483
58484
58485
58486
58487
58488
58489
58500
58501
58502
58503
58504
58505
58506
58507
58508
58521
58522
58543
58544
58580
58581
58582
58583
58584
58585
58586
58587
58588
58589
58600
58601
58602
58603
58604
58605
58606
58607
58608
58621
58622
58643
58644
58680
58681
58682
58683
58684
58685
58686
58687
58688
58689
58700
58701
58702
58703
58704
58705
58706
58707
58708
58721
58722
58743
58744
58780
58781
58782
58783
58784
58785
58786
58787
58788
58789
58800
58801
58802
58803
58804
58805
58806
58807
58808
58821
58822
58843
58844
58880
58881
58882
58883
58884
58885
58886
58887
58888
58889
58900
58901
58902
58903
58904
58905
58906
58907
58908
58921
58922
58943
58944
58980
58981
58982
58983
58984
58985
58986
58987
58988
58989
59000
59001
59002
59003
59004
59005
59006
59007
59008
59021
59022
59043
59044
59080
59081
59082
59083
59084
59085
59086
59087
59088
59089
59100
59101
59102
59103
59104
59105
59106
59107
59108
59121
59122
59143
59144
59180
59181
59182
59183
59184
59185
59186
59187
59188
59189
59200
59201
59202
59203
59204
59205
59206
59207
59208
59221
59222
59243
59244
59280
59281
59282
59283
59284
59285
59286
59287
59288
59289
59300
59301
59302
59303
59304
59305
59306
59307
59308
59321
59322
59343
59344
59380
59381
59382
59383
59384
59385
59386
59387
59388
59389
59400
59401
59402
59403
59404
59405
59406
59407
59408
59421
59422
59443
59444
59480
59481
59482
59483
59484
59485
59486
59487
59488
59489
59500
59501
59502
59503
59504
59505
59506
59507
59508
59521
59522
59543
59544
59580
59581
59582
59583
59584
59585
59586
59587
59588
59589
59600
59601
59602
59603
59604
59605
59606
59607
59608
59621
59622
59643
59644
59680
59681
59682
59683
59684
59685
59686
59687
59688
59689
59700
59701
59702
59703
59704
59705
59706
59707
59708
59721
59722
59743
59744
59780
59781
59782
59783
59784
59785
59786
59787
59788
59789
59800
59801
59802
59803
59804
59805
59806
59807
59808
59821
59822
59843
59844
59880
59881
59882
59883
59884
59885
59886
59887
59888
59889
59900
59901
59902
59903
59904
59905
59906
59907
59908
59921
59922
59943
59944
59980
59981
59982
59983
59984
59985
59986
59987
59988
59989
60000
60001
60002
60003
60004
60005
60006
60007
60008
60009
60010
60011
60012
60013
60014
60015
60016
60017
60018
60019
60020
60021
60022
60023
60024
60025
60026
60027
60028
60029
60030
60031
60032
60033
60034
60035
60036
60037
60038
60039
60040
60041
60042
60043
60044
60045
60046
60047
60048
60049
60050
60051
60052
60053
60054
60055
60056
60057
60058
60059
60060
60061
60062
60063
60064
60065
60066
60067
60068
60069
60070
60071
60072
60073
60074
60075
60076
60077
60078
60079
60080
60081
60082
60083
60084
60085
60086
60087
60088
60089
60090
60091
60092
60093
60094
60095
60096
60097
60098
60099
60100
